6080083d2c6a21cb90c7e4ef	2021-06-24-05-24	result1.json	0.6934905628621677	0.49320283913292	0.3278876451101343	0.20991332596802856	0.17331083996389263	0.24428686374920372	0.42185161246831454	0.056878650390246484
6080083d2c6a21cb90c7e4ef	2021-06-24-05-24	result2.json	0.690572275112199	0.49116498332386377	0.32663844342806736	0.20935122173646417	0.17293587411804062	0.24421411670268126	0.4215645007362658	0.056618943294121114
6080083d2c6a21cb90c7e4ef	2021-06-24-05-24	result3.json	0.6895054419223146	0.490561344784685	0.32640444227226195	0.20935682753751764	0.17258252595224152	0.24321509275464034	0.4211391604746885	0.056512456686958784
6081322eccc26d9c03ffcb58	2021-06-29-04-18	result1.json	0.6734516201540485	0.49097026355649154	0.3355602679748689	0.2190409150887434	0.17747910586249813	0.25874424279289	0.4239951971802383	0.05771526499981506
6081322eccc26d9c03ffcb58	2021-06-29-04-18	result2.json	0.6192909082372473	0.4557843495969819	0.3081977890509978	0.19526208024642294	0.16854091517280612	0.21620998910579017	0.411173931723794	0.0512786100572006
6081322eccc26d9c03ffcb58	2021-06-29-04-18	result3.json	0.681726883621369	0.5054692755889715	0.3482024754515666	0.22766949991687466	0.17892768072282328	0.2693587873363955	0.42920337416714105	0.05930817321462972
6081322eccc26d9c03ffcb58	2021-06-29-22-53	result1.json	0.6692926295290963	0.4939041066939134	0.3381251622148053	0.21970094754468172	0.17697312737756954	0.2586166611555053	0.4221028129962248	0.05906433739010373
6081322eccc26d9c03ffcb58	2021-06-29-22-53	result2.json	0.6158976213847722	0.45375552564808797	0.30669226365228847	0.1940047403551102	0.1683474796674352	0.21810134735635164	0.41137023059273514	0.05131699416349771
6081322eccc26d9c03ffcb58	2021-06-29-22-53	result3.json	0.6134153767583708	0.45529846995463796	0.31529767867714303	0.20601194352297467	0.1710993043377295	0.25015581638027273	0.417121881372185	0.05460636329310912
6081322eccc26d9c03ffcb58	2021-06-30-22-48	result1.json	0.6807300177595661	0.4992604933231135	0.34013182399139297	0.22056438593107824	0.1789510194397285	0.2615813492433583	0.4292924171219867	0.05930031389251168
6081322eccc26d9c03ffcb58	2021-06-30-22-48	result2.json	0.6800708424041174	0.49772132544141673	0.33941505179426473	0.2216358748243338	0.1796191488118844	0.25441411063585795	0.4255653572980579	0.05879678205358265
6081322eccc26d9c03ffcb58	2021-06-30-22-48	result3.json	0.6756340314412019	0.4991502040925396	0.34234748614806687	0.22346727943060773	0.1798704597924606	0.26329345582999086	0.430936174182368	0.05894826279681115
6081322eccc26d9c03ffcb58	2021-07-02-09-34	result1.json	0.6877465694603055	0.508552076743689	0.3467372582672724	0.22555426779596216	0.18052456132297254	0.2772335739097588	0.4330907957309677	0.05931845213704574
6081322eccc26d9c03ffcb58	2021-07-02-09-34	result2.json	0.694233176952199	0.5176019486087722	0.3577291728726303	0.23456651349229576	0.18337950649531212	0.28381202628379726	0.43781766520748877	0.06178095031879784
6081322eccc26d9c03ffcb58	2021-07-02-09-34	result3.json	0.7119054775195689	0.5220146818845771	0.3573994872856243	0.23319943569642407	0.1855169613096557	0.2848516684955022	0.43735849076004896	0.06508795031152224
6081322eccc26d9c03ffcb58	2021-07-03-08-33	result1.json	0.6888304023932508	0.5125127981325984	0.35390940135336474	0.23342117802133328	0.18323778436762755	0.28695380568569157	0.4321796583662237	0.06219636505934765
6081322eccc26d9c03ffcb58	2021-07-03-08-33	result2.json	0.7094335600602341	0.5217174713993417	0.3581100510102282	0.23611389471277575	0.1869400182248008	0.293501228965355	0.4359416950568141	0.06672729200581991
6081322eccc26d9c03ffcb58	2021-07-03-08-33	result3.json	0.7247110304213341	0.5278051857156726	0.3615605305830279	0.2390278900679155	0.1900457966000696	0.296945746171734	0.4398362879003788	0.06986977669744221
6081322eccc26d9c03ffcb58	2021-07-04-06-46	result1.json	0.7282372382084243	0.5287397305996074	0.3600008546150391	0.23785029968072566	0.1912283851068565	0.29989348396773985	0.4396200390475621	0.0710918650127751
6081322eccc26d9c03ffcb58	2021-07-04-06-46	result2.json	0.7251344638630632	0.5279564891009559	0.3603619197798838	0.23784716846685483	0.19186725393688706	0.3039763291421852	0.4405444815950779	0.07148356532598271
6081322eccc26d9c03ffcb58	2021-07-04-06-46	result3.json	0.7290009849002196	0.5272138631668629	0.3575140972061449	0.23609381104690386	0.1922556750449619	0.3024075659530537	0.44015325160072327	0.07300776082351844
6081322eccc26d9c03ffcb58	2021-07-05-04-53	result1.json	0.7310092143005991	0.527048217180321	0.356116277511966	0.23428317074650212	0.19405993534203494	0.3056812612734108	0.44163998584006625	0.07477616367955235
6081322eccc26d9c03ffcb58	2021-07-05-04-53	result2.json	0.7312699166436746	0.5286648777523896	0.35819852828620036	0.23585977195123467	0.19289901680913468	0.30565010237862994	0.4410995680154603	0.07339079907050096
6081322eccc26d9c03ffcb58	2021-07-05-04-53	result3.json	0.727734767912417	0.530211019459204	0.3615866234689869	0.23918529894474003	0.19175892328802643	0.3052700982921028	0.44083945011570475	0.07128966796924316
60894b3066dfff74199c034a	2021-06-28-11-09	result1.json	0.4418529580573827	0.20191090085256697	0.08736129221733802	0.03287394116929435	0.10996824375648284	0.05731894738283912	0.28349785480816325	0.03102675520677025
60894b3066dfff74199c034a	2021-06-28-11-09	result2.json	0.4124863728382138	0.18285881579630214	0.0723861119495673	0.02890100476148725	0.09306336998418885	0.07243597476482806	0.2480593554753644	0.0289665149852072
60894b3066dfff74199c034a	2021-06-30-11-01	result1.json	0.6473619826442765	0.47972291524127003	0.32912365072995026	0.21263563834459334	0.17109428818219108	0.2335658045300554	0.4134122956165094	0.0550035667126701
6093e5ac34845d9a4af7ca6c	2021-06-28-23-14	result1.json	0.717018598797351	0.4780078787106917	0.3007365666706439	0.1802344383633733	0.1932560614879009	0.29883904368556735	0.43203825622472375	0.07256077728070269
6093e5ac34845d9a4af7ca6c	2021-06-28-23-14	result2.json	0.6909466398749529	0.47687665951953323	0.3094700841826377	0.1934552663647265	0.19931157569103522	0.2884534619528382	0.43115389209534577	0.0724461645677636
6093e5ac34845d9a4af7ca6c	2021-06-28-23-14	result3.json	0.712992964941451	0.49728304053038386	0.32641469523083916	0.20663497504187409	0.20131201101603563	0.30183087400723296	0.4368140574419313	0.07400788634322697
609c945a4f79658621949449	2021-06-29-01-26	result1.json	0.6885821240049952	0.4756747431287963	0.30525704443303014	0.18723180752362095	0.17199307863465618	0.23530388070447908	0.414899833516812	0.05674991847115444
609c945a4f79658621949449	2021-06-29-01-26	result2.json	0.6879644118990946	0.476171067992496	0.3058888437184776	0.18802348757888268	0.171369946893866	0.23501531808105067	0.4146055115856223	0.0563427851335263
609c945a4f79658621949449	2021-06-29-01-26	result3.json	0.6876653206814866	0.47604406122188725	0.3052776441282638	0.18799089504578384	0.17081135934299613	0.23306529249684518	0.4139981715307787	0.055818485789076194
609c945a4f79658621949449	2021-07-01-01-25	result1.json	0.6831707395884971	0.4735107873553643	0.3058468909808722	0.18798789964514967	0.1646764103975968	0.22360848739605085	0.41093749167069077	0.05167734238575063
609c945a4f79658621949449	2021-07-01-01-25	result2.json	0.6813591740261392	0.4721108944810635	0.3047189175674095	0.18780577717877958	0.1641480527873671	0.22238748970797323	0.4102953917344321	0.05132177586022885
609c945a4f79658621949449	2021-07-01-01-25	result3.json	0.6826546192709018	0.4741394356929157	0.3068334601717354	0.18943380715900357	0.16444889813163213	0.22314020100891704	0.4105571010177823	0.05134689260354109
609c945a4f79658621949449	2021-07-02-04-56	result1.json	0.6930152706517768	0.48951051738745244	0.32197870477152984	0.20010433974939423	0.1693414276966018	0.23125449928364356	0.42094968329599913	0.05289364314499752
609c945a4f79658621949449	2021-07-02-04-56	result2.json	0.6930152706517768	0.48951051738745244	0.32197870477152984	0.20010433974939423	0.1693414276966018	0.23125449928364356	0.42094968329599913	0.05289364314499752
609c945a4f79658621949449	2021-07-02-04-56	result3.json	0.6930152706517768	0.48951051738745244	0.32197870477152984	0.20010433974939423	0.1693414276966018	0.23125449928364356	0.42094968329599913	0.05289364314499752
609c945a4f79658621949449	2021-07-03-07-33	result1.json	0.6902249950548468	0.4916421944313305	0.32559162958238796	0.20490715277606547	0.1698624990431116	0.23409933172905625	0.4207082722545873	0.05356107896522462
609c945a4f79658621949449	2021-07-03-07-33	result2.json	0.6814164792883124	0.4857060689624393	0.3216570451395013	0.20171377247654734	0.1685506958627348	0.23006169339778276	0.41895808827092407	0.05242393957888056
609c945a4f79658621949449	2021-07-03-07-33	result3.json	0.6764055902590844	0.4826052136415782	0.32047256845859884	0.20059499981416626	0.1674629032054774	0.2289449296548983	0.41822521387335426	0.05184628379583006
609c945a4f79658621949449	2021-07-04-07-30	result1.json	0.6876165232850251	0.49143049693904817	0.3266596488717246	0.20584174694228252	0.1693635239100818	0.23501378135304776	0.42105064768281075	0.05364153379871416
609c945a4f79658621949449	2021-07-04-07-30	result2.json	0.6884485313277794	0.4897503418893894	0.3248018873015325	0.2050965052113329	0.16833608066809244	0.23460137445682358	0.4194129196619202	0.05348243055894485
609c945a4f79658621949449	2021-07-04-07-30	result3.json	0.6859489169304606	0.4905031867676219	0.3271754257412774	0.20746337736843484	0.16889117413741722	0.2345871564988495	0.42027116036556483	0.05372978750980235
609c945a4f79658621949449	2021-07-05-06-07	result1.json	0.6900329485032909	0.4948440982580434	0.32980973953494	0.20845209166959586	0.16960115995336253	0.2395824950473938	0.4226868359425205	0.05421093728296923
609c945a4f79658621949449	2021-07-05-06-07	result2.json	0.6836261387920947	0.4895677141937993	0.32651473895115757	0.2071442061672481	0.16829629326819126	0.23457951394790522	0.42064366579636225	0.05314657704727093
609c945a4f79658621949449	2021-07-05-06-07	result3.json	0.6740435132545821	0.4837045552464248	0.3228407455660786	0.20431774171674089	0.16727434518975434	0.2315130688743127	0.4174674134928022	0.05262315348609896
60c16738463937ba689280fa	2021-06-28-03-23	result1.json	0.6086494370582395	0.43276860444561666	0.2885850676166445	0.1809079558036891	0.1580956866276791	0.18043182106876968	0.38917963575253534	0.04704437390776517
60c16738463937ba689280fa	2021-06-28-07-00	result1.json	0.6086494370582395	0.43276860444561666	0.2885850676166445	0.1809079558036891	0.1580956866276791	0.18043182106876968	0.38917963575253534	0.04704437390776517
60c16738463937ba689280fa	2021-06-28-07-00	result2.json	0.624200389038264	0.4438858584518965	0.29542029709860895	0.18921496637242252	0.16139547757534584	0.18010948666037185	0.39842102719737493	0.049417276413507245
60c16738463937ba689280fa	2021-06-29-09-31	result-20.json	0.6086494370582395	0.43276860444561666	0.2885850676166445	0.1809079558036891	0.1580956866276791	0.18043182106876968	0.38917963575253534	0.04704437390776517
60c16738463937ba689280fa	2021-06-29-09-31	result1.json	0.6238837814353659	0.4558570770563162	0.3111059125937739	0.20220492468395213	0.1667235791114751	0.2061476211629572	0.404308035345458	0.05078255130632623
60c16738463937ba689280fa	2021-06-29-09-31	result2.json	0.6234595350637774	0.4427266942956073	0.29491065287031554	0.18683904093137907	0.15952937491336655	0.17684715160778364	0.3945415448931512	0.04975541559985272
60c16738463937ba689280fa	2021-06-30-11-52	result-17_allmsr.json	0.6580481809557044	0.47790742996875846	0.3266966711757117	0.21325844624177154	0.17268270038350525	0.23552656783941878	0.41468369199842287	0.05553809292288251
60c16738463937ba689280fa	2021-06-30-11-52	result-17_weight_decay2.json	0.6255547461540918	0.45647036125416535	0.3100500006578485	0.20034560691741546	0.16660741958484684	0.21224224796090463	0.40332769224154835	0.05243423434535519
60c16738463937ba689280fa	2021-06-30-11-52	result-22.json	0.5820361746657537	0.4143281971099984	0.27537863879784075	0.17263235470022614	0.15398351407950092	0.16971296590186047	0.38195613441304876	0.044809574195519494
60c16738463937ba689280fa	2021-07-01-12-31	result-17_allmsr.json	0.6580481809557044	0.47790742996875846	0.3266966711757117	0.21325844624177154	0.17268270038350525	0.2355265678394188	0.41468369199842287	0.05553809292288251
60c16738463937ba689280fa	2021-07-01-12-31	result-17_weight_decay2.json	0.6255547461540918	0.45647036125416535	0.3100500006578485	0.20034560691741546	0.16660741958484684	0.21224224796090463	0.40332769224154835	0.05243423434535519
60c16738463937ba689280fa	2021-07-01-12-31	result-22.json	0.5820361746657537	0.4143281971099984	0.27537863879784075	0.17263235470022614	0.15398351407950092	0.16971296590186047	0.3819561344130489	0.044809574195519494
60c16738463937ba689280fa	2021-07-01-12-33	result2-0630.json	0.6388211316441801	0.4578343218319638	0.30798788326312687	0.19939347740822186	0.16447869294161618	0.18941451726791714	0.4049247418070305	0.051103640065604396
60c16738463937ba689280fa	2021-07-01-22-53	result-17-w48.json	0.6371932325426636	0.46162799634562035	0.31529757047209417	0.20311302113051866	0.16488176204538726	0.19718249362820303	0.40819033148412087	0.05053087340439475
60c16738463937ba689280fa	2021-07-01-22-53	result2-0630.json	0.6388211316441801	0.4578343218319638	0.30798788326312687	0.19939347740822186	0.16447869294161618	0.18941451726791717	0.4049247418070305	0.051103640065604396
60c16738463937ba689280fa	2021-07-02-12-42	result2_20210702.json	0.6315541622267848	0.4472324824089174	0.29606845323855324	0.18915281792218305	0.16119887531973093	0.1863789830491555	0.3984662426414337	0.05020469578464636
60c16738463937ba689280fa	2021-07-02-12-42	result3_20120702.json	0.6085757080315377	0.4348270807345451	0.29055152242493737	0.18354350344627146	0.15902537439695427	0.17928777205690655	0.3953578395489563	0.04880694126191412
60c16738463937ba689280fa	2021-07-02-12-42	result-30-all.json	0.6591301212774927	0.4852677329647818	0.3309171335591368	0.21378600690931415	0.17322165598875758	0.2384310714750235	0.41558983540630984	0.054562400244634185
60c16738463937ba689280fa	2021-07-03-23-16	result_mf.json	0.5998861175050455	0.43171147326022974	0.2910403516171151	0.18711021547866588	0.1589072291401527	0.1795429508209132	0.3950491764973793	0.048446862310620606
60c16738463937ba689280fa	2021-07-03-23-25	result_mf.json	0.5998861175050455	0.43171147326022974	0.2910403516171151	0.18711021547866588	0.1589072291401527	0.1795429508209132	0.3950491764973793	0.048446862310620606
60c16738463937ba689280fa	2021-07-03-23-25	result-31-all.json	0.4755418861143806	0.2903907743781864	0.1773036379430034	0.1024408301426534	0.1173532129262829	0.07320244942741189	0.3196102652920475	0.02946326533223745
60c16738463937ba689280fa	2021-07-04-20-26	Ex17-seed80-e3.json	0.6391719893807919	0.4672534949710973	0.31892891109716537	0.2085663469365342	0.16781913702128745	0.21998623456731647	0.4092243522023131	0.05298280419680131
60c16738463937ba689280fa	2021-07-04-20-26	fusion_method-1.json	0.7009514440385793	0.4909640844584925	0.3256816657470349	0.21083274928876586	0.1841804466197411	0.2533008905338271	0.42005564157967273	0.06290794862251876
60c16738463937ba689280fa	2021-07-04-20-26	merge__Ex30__e2_3.json	0.5710610637414057	0.4212635116093212	0.2918948524802271	0.1912292264453568	0.1587905489962334	0.1985438883673143	0.3935287090113144	0.049726647192368335
60c959b14a9c2c7e7b2b3218	2021-06-28-03-09	3_fullitem_shortcaption_reward.json	0.6909466398749529	0.47687665951953323	0.3094700841826377	0.1934552663647265	0.19931157569103522	0.2884534619528382	0.43115389209534577	0.0724461645677636
60c959b14a9c2c7e7b2b3218	2021-06-28-03-09	6_fullitem_sf150.json	0.7002234572852605	0.4830245519728194	0.3109511952259286	0.19220775803077006	0.19848691039593452	0.28586726524564166	0.4298578242941769	0.07197443440461714
60c959b14a9c2c7e7b2b3218	2021-06-28-03-13	result1.json	0.6909466398749529	0.47687665951953323	0.3094700841826377	0.1934552663647265	0.19931157569103522	0.2884534619528382	0.43115389209534577	0.0724461645677636
60c959b14a9c2c7e7b2b3218	2021-06-28-03-13	result2.json	0.7002234572852605	0.4830245519728194	0.3109511952259286	0.19220775803077006	0.19848691039593452	0.28586726524564166	0.4298578242941769	0.07197443440461714
60c959b14a9c2c7e7b2b3218	2021-06-28-22-43	result1.json	0.7002234572852605	0.4830245519728194	0.3109511952259286	0.19220775803077006	0.19848691039593452	0.28586726524564166	0.4298578242941769	0.07197443440461714
60c959b14a9c2c7e7b2b3218	2021-06-28-22-43	result2.json	0.7032910009558733	0.4698376157016619	0.2920302761264807	0.17364000131647392	0.19079173471296934	0.2796520834265561	0.42864773242691095	0.06988457853015785
60c959b14a9c2c7e7b2b3218	2021-06-29-03-10	10_save_pred_16.json	0.7032910009558733	0.4698376157016619	0.2920302761264807	0.17364000131647392	0.19079173471296934	0.2796520834265561	0.42864773242691095	0.06988457853015785
60c959b14a9c2c7e7b2b3218	2021-06-29-03-10	6_fullitem_sf150.json	0.7002234572852605	0.4830245519728194	0.3109511952259286	0.19220775803077006	0.19848691039593452	0.28586726524564166	0.4298578242941769	0.07197443440461714
60d84f03c6daa4cae47fc880	2021-06-27-10-11	result1.json	0.6367058611407022	0.4611869641808325	0.31199595569273825	0.2026312404449876	0.16832792397109406	0.2284625691886653	0.40956466264532687	0.053540762899600275
60d84f03c6daa4cae47fc880	2021-06-27-10-11	result2.json	0.7022707927753115	0.48693262019240613	0.31517192234016833	0.19649714665906445	0.18696166249269103	0.26393073249905163	0.42295152674223246	0.06562714979214988
60d84f03c6daa4cae47fc880	2021-06-27-10-11	result3.json	0.6868031493279056	0.5056583114582106	0.34369764714681666	0.2250774877441092	0.1783455350841131	0.24105101544900906	0.4265185987993203	0.05828924088698891
60d84f03c6daa4cae47fc880	2021-06-27-10-13	result1.json	0.6367058611407022	0.4611869641808325	0.31199595569273825	0.2026312404449876	0.16832792397109406	0.2284625691886653	0.40956466264532687	0.053540762899600275
60d84f03c6daa4cae47fc880	2021-06-27-10-13	result2.json	0.7022707927753115	0.48693262019240613	0.31517192234016833	0.19649714665906445	0.18696166249269103	0.26393073249905163	0.42295152674223246	0.06562714979214988
60d84f03c6daa4cae47fc880	2021-06-27-10-13	result3.json	0.6868031493279056	0.5056583114582106	0.34369764714681666	0.2250774877441092	0.1783455350841131	0.24105101544900906	0.4265185987993203	0.05828924088698891
60d84f03c6daa4cae47fc880	2021-06-28-03-38	result1.json	0.6367058611407022	0.4611869641808325	0.31199595569273825	0.2026312404449876	0.16832792397109406	0.2284625691886653	0.40956466264532687	0.053540762899600275
60d84f03c6daa4cae47fc880	2021-06-28-03-38	result2.json	0.7022707927753115	0.48693262019240613	0.31517192234016833	0.19649714665906445	0.18696166249269103	0.26393073249905163	0.42295152674223246	0.06562714979214988
60d84f03c6daa4cae47fc880	2021-06-28-03-38	result3.json	0.6868031493279056	0.5056583114582106	0.34369764714681666	0.2250774877441092	0.1783455350841131	0.24105101544900906	0.4265185987993203	0.05828924088698891
60d84f03c6daa4cae47fc880	2021-06-29-07-02	result1.json	0.747920081409449	0.5545128187036702	0.38374728737902913	0.2573049308274887	0.18873208534147448	0.2823842966059184	0.4434284502694868	0.06490801407474912
60d84f03c6daa4cae47fc880	2021-06-29-07-02	result2.json	0.7494970139299845	0.561348992869586	0.39190601200393094	0.2623897457686666	0.1905677654342203	0.289113936070468	0.45015137547310846	0.06532505657058695
60d84f03c6daa4cae47fc880	2021-06-29-07-02	result3.json	0.7589974302179322	0.5729572284524616	0.40379697459258185	0.2721839134964291	0.1947304368911606	0.3101231060441237	0.4560076873621201	0.06746850902981771
60d84f03c6daa4cae47fc880	2021-06-30-08-43	result1.json	0.7590801233604275	0.5681477454355643	0.3965736003691647	0.2668644038837714	0.19383305606825593	0.30230073433711635	0.45278731057658045	0.06792335761646708
60d84f03c6daa4cae47fc880	2021-06-30-08-43	result2.json	0.7658311671788546	0.5775511391358987	0.40622687848030414	0.2743836346553176	0.196634960423813	0.315193452194885	0.4582192238069123	0.06898341188174606
60d84f03c6daa4cae47fc880	2021-06-30-08-43	result3.json	0.762823395508988	0.5774764135067354	0.4077368376129774	0.2759950091580891	0.19602308120420436	0.3146661902195363	0.4577922381524157	0.06896672369170752
60d84f03c6daa4cae47fc880	2021-07-01-00-02	result1.json	0.7625735974675532	0.5747967781440331	0.4037235535000484	0.27318038699740677	0.19577794288083053	0.3094469039942795	0.45609328959573303	0.069136721538646
60d84f03c6daa4cae47fc880	2021-07-01-00-02	result2.json	0.7134058888045021	0.49959000603104986	0.3289102637029434	0.2099409413868838	0.20335717643417403	0.29455783732555246	0.43700957349547925	0.07675611129394093
60d84f03c6daa4cae47fc880	2021-07-01-00-02	result3.json	0.720648336067149	0.5091777994239879	0.3398930493291386	0.2199008393610813	0.20776711685558702	0.30692598901664236	0.4434199472999171	0.07944620815927643
60d84f03c6daa4cae47fc880	2021-07-02-01-59	result1.json	0.673080929069871	0.45413221942423043	0.29055336237539153	0.18002145114390192	0.1928985347228149	0.24875173240842177	0.42010329731414	0.0718282307746971
60d84f03c6daa4cae47fc880	2021-07-02-01-59	result2.json	0.7404957245204317	0.5317596948276864	0.35742584958260426	0.23033353477147886	0.2012636398480388	0.31519873892882483	0.44915426101009615	0.07442104420542475
60d84f03c6daa4cae47fc880	2021-07-02-01-59	result3.json	0.737427853414688	0.5244896455925645	0.3485909818609734	0.22220249164803899	0.20399897672442707	0.30440881688598115	0.44883570986241483	0.07663788358533727
60d84f03c6daa4cae47fc880	2021-07-03-04-08	result1.json	0.7375276431569779	0.5457872986395762	0.3726102059513917	0.24282057917379204	0.18577882838981682	0.27777882711113266	0.4428235746177058	0.061946043241487954
60d84f03c6daa4cae47fc880	2021-07-03-04-08	result2.json	0.740497600264778	0.5319175345636117	0.3560637024267184	0.22878212575364298	0.20509506453046628	0.3153692243706424	0.45162602682519565	0.07818437218906837
60d84f03c6daa4cae47fc880	2021-07-03-04-08	result3.json	0.7575005769674372	0.5484386502393909	0.3696907074843749	0.23851915790252745	0.20678215551837031	0.33748998509508554	0.45710510784474023	0.07817751013327859
60d84f03c6daa4cae47fc880	2021-07-04-04-36	result2.json	0.7590495478791466	0.5502903766536513	0.3700659359620946	0.23869444607432438	0.20767597936147897	0.34284565343434226	0.4580588665554057	0.07969459283679349
60d84f03c6daa4cae47fc880	2021-07-04-04-36	result3.json	0.7802132016497109	0.5920493874130347	0.4180987511349736	0.2831927034769054	0.2006312491166122	0.33852538195885057	0.46676331354987405	0.07230561485587442
60d84f03c6daa4cae47fc880	2021-07-04-04-36	result1.json	0.7532388839195329	0.5440973190433444	0.3661561166379397	0.2355522530158744	0.20634175585707687	0.3333238446059072	0.4562823131807011	0.07766609409396676
60de89ce0c59d1cf7701093e	2021-07-01-23-37	result1.json	0.5153576086956714	0.27578442257648117	0.13845088576062395	0.0681564687000076	0.13946207142274375	0.17147417834090406	0.3061359245011672	0.051558332575036656
60de89ce0c59d1cf7701093e	2021-07-01-23-37	result2.json	0.5249948748971337	0.28851068087805093	0.15017511666224936	0.07989010154730032	0.13908993856589769	0.17288507326634753	0.31210381523651265	0.0516971139835332
60de89ce0c59d1cf7701093e	2021-07-01-23-37	result3.json	0.38570517531745985	0.15751146380211187	0.05538665957063833	0.017284319539643475	0.08454784666992222	0.047075617046322044	0.2341788541235905	0.023993473315156853
